9.284049240901638411e-01 7.923130091868483271e-01 6.957885740740583635e-01 5.830852642983221923e-01 3.653407634218097111e-01 5.457410607225998689e-01 4.056325918376966211e-01 2.045045076415963337e-01 6.656866763849083046e-01 3.114585847786037753e-01 4.857798417485140186e-01 1.163505501223144195e-01 7.622810276846792021e-01 7.671124472936303729e-01 8.103475143826348592e-01 3.816664949127508977e-01
9.350618937721787427e-01 1.217474742304437696e-01 6.155259724710914204e-01 4.825560179011862405e-01 8.483074368981802227e-01 8.959790552913446948e-01 8.766438732616066432e-01 4.225361794438516894e-01 9.548130909324175075e-01 9.876459202969902762e-01 8.454234899932860925e-01 3.278476950924130023e-02 9.846884779916782460e-01 8.075632624929423020e-01 5.648190582165466544e-01 7.511625308171530069e-01
8.477779339528813685e-01 4.562607965391336506e-01 1.585581622807059887e-01 7.245664203918457114e-01 8.864944568548230874e-01 8.362177040669940276e-01 6.789916015789037029e-01 5.097046163819082265e-01 4.510290378331659467e-01 5.354657657238172108e-01 2.208085546926812914e-01 7.251828009022865951e-01 6.886437900593517236e-01 8.646490204170353966e-01 6.493612714717541534e-01 9.027754135482209952e-01
9.082231093212933537e-01 9.357867703844481300e-01 3.157359296865347997e-01 1.375676744567221055e-01 9.657982550213385364e-01 7.161808615078828488e-01 5.239363626508607430e-01 1.765161003066081091e-01 2.672938906120319591e-01 1.856835256946974266e-01 6.419890046800458272e-01 1.676721513129246777e-01 9.357454701287259979e-01 8.122804415598223748e-01 6.838490289863540239e-01 3.354425730994667343e-01
9.949517406380382623e-01 1.497015136514877887e-01 7.428849569553670484e-01 7.700635895933811703e-01 6.067206013142847354e-01 6.525677415556973004e-01 1.779587761317145272e-02 5.956157396429252460e-01 4.057799839841772505e-01 6.252451113213448597e-01 8.940440870866100953e-01 7.869578246557739076e-01 5.741972146613461003e-01 7.404201009005446643e-01 6.223597873907353861e-01 1.615145179258034580e-01
8.767234594640640477e-01 1.898658004534056198e-01 9.445880393431328459e-01 1.006021678033836159e-01 6.979813241968103599e-01 5.980757764388591191e-01 5.759638465692870635e-02 5.915200911391821359e-02 8.031477631654866389e-01 1.191237971377461374e-01 5.597388336629356004e-02 4.677765356852006118e-01 9.282927810385405154e-01 9.795838989496863380e-01 8.137966608159190596e-01 7.144814270776470577e-01
9.192945473447766691e-01 8.903222817284368873e-02 5.580600150809118809e-02 5.381731796067376061e-01 6.783758469241401023e-01 7.309647758238896342e-01 8.381402892390403814e-01 1.393465037984809550e-02 2.514970858281682653e-01 7.237107554873816184e-01 2.877219096406095078e-01 9.525140143451956698e-01 6.314548555202711411e-01 7.325591561231700188e-01 4.884651578285561513e-01 5.534234343437035575e-01
7.615669099932861341e-01 5.843818088646239861e-01 3.961783697378775115e-01 6.338812988788309344e-01 8.095268030893516542e-01 1.982863882841931491e-01 7.270814301860208939e-01 3.465349621806329550e-01 9.294333832877630375e-01 7.607717032919590894e-01 5.412377004184373286e-01 2.620325391700808471e-01 8.850476307723844638e-01 9.933446099743209468e-01 3.499290690842901119e-01 2.778163429684180064e-02
9.587456691582928459e-01 2.962925040085394590e-01 6.638605239374391065e-01 2.411625361225196718e-01 7.478980783038533531e-01 1.358767063543205311e-01 1.864410340445191994e-01 7.537486547547553872e-01 5.007031688697428651e-01 2.416424761367248764e-01 3.375244434151710715e-01 6.473343107394730067e-01 6.097841141109654473e-01 8.478948751609138856e-01 8.943978816430899759e-01 6.096179927593219361e-01
8.659648211201446122e-01 6.383262994300322735e-01 5.657772811055543638e-01 9.697715451831429023e-01 5.564824929343914484e-01 9.656417258462642872e-01 4.818072540049880281e-01 2.782312331156759910e-01 7.222885135228577225e-01 8.153661019463898096e-01 4.531285973272857759e-01 8.425735751376702831e-01 9.796870623036635362e-01 9.451314991953241318e-01 4.954304221663670127e-01 9.793344035294396788e-01
8.918507301081506355e-01 4.240287646715817926e-01 4.261515404291419951e-01 4.712928550145557005e-01 7.697365072287540855e-01 5.116466984461005563e-01 4.683818001365793737e-01 8.636760724100309705e-01 6.013260456680512567e-01 4.163133158505231135e-01 7.835275272653130507e-01 9.934805272453391956e-01 7.378059173003690407e-01 7.948798650261049703e-01 7.615735153195360985e-01 5.093898319288194809e-01
8.561984811654492766e-01 3.645018194389699207e-01 1.903003280548835885e-01 2.156193629467354489e-01 9.190609193502139451e-01 8.638571443566012142e-01 2.869845073436690930e-01 6.569081475398625969e-01 5.393854178483851181e-01 4.407199201087546037e-01 7.264345257011436408e-01 9.164348953016743238e-01 6.538257050549159954e-01 9.743724930244406224e-01 9.286373814702764129e-01 7.963729060378673674e-01
8.317508918613116808e-01 2.288393207758471493e-01 5.046244544962982248e-01 7.043305606786407491e-01 6.418346685876930025e-01 4.769976440087768665e-01 2.782054559150883843e-01 4.541304272914427620e-01 8.592329998128368507e-01 6.617906150082761840e-01 4.235019684210983293e-01 7.294003256838577087e-01 9.566092814490134710e-01 8.756035226976324193e-01 3.681370304455210407e-01 5.172708506500862252e-02
8.095264206796941586e-01 1.564348759264705402e-02 8.724083150695696176e-01 2.822296064429703488e-01 3.149499233329571823e-01 3.939620342372885942e-01 9.111095873774937015e-01 8.220974496578929980e-01 3.847235865926058596e-01 1.617152474733263637e-02 2.826020597406771473e-01 3.659228032706350886e-01 7.444116446676023457e-01 8.857968209656497116e-01 7.599162320257980552e-01 5.723081380099974691e-01
7.819927993248192433e-01 7.353283091536549909e-01 4.848745993242947749e-01 3.212998529045491547e-01 4.630582812885679078e-01 9.213620552454925283e-01 5.619060897959307077e-01 5.282534512229447587e-01 8.884450098892815451e-01 5.828868889583192769e-02 5.721572754912565006e-01 3.099989330314769642e-01 5.933723332627611757e-01 8.249142668820172997e-01 4.026528625851731880e-01 8.495493843213284269e-01
8.193114239182952563e-01 6.649070062727610031e-01 8.004226020157318988e-01 8.646365381555080054e-01 9.822391181533850490e-01 1.163701635135349910e-01 3.493642063606063886e-01 9.547916300955142654e-01 5.774492033844949024e-01 9.286539771955616418e-01 2.981294541800202230e-02 1.952434206975224573e-01 6.441280568278164864e-01 7.244462993891971347e-01 4.137186522436471781e-01 9.269940175608262223e-01
9.683570152717474455e-01 9.070809184401640302e-01 1.114385142274813417e-01 9.314701652759551642e-01 5.198350354336664925e-01 4.199077716864983434e-01 3.728936756617795001e-01 7.924190721750266064e-01 3.010454532009009254e-01 3.494912682738930965e-01 9.285269620198280949e-01 5.152781677101646585e-01 8.677271629952771903e-01 9.112328016885745674e-01 8.683493691800636682e-01 6.451105793404362521e-01
8.431467368987688449e-01 2.534668470246931871e-01 9.846565797728343838e-01 1.738310118142279235e-03 4.906829606584952042e-01 2.196440059995616034e-01 1.166712866195771248e-01 2.900548345782098525e-01 2.317440354822760951e-01 4.826753722364519605e-01 9.830986103666069509e-01 2.332740136204430881e-01 9.042957816866130649e-01 7.549615334144100798e-01 9.626253045073123182e-01 1.032362198957118837e-01
9.793428818636173983e-01 3.793536465884123632e-01 2.452244705287812410e-01 4.268518914754961813e-01 4.340504952317157383e-01 2.729000528449298524e-01 9.355654291335669948e-01 8.870597439182075217e-01 9.709258949030357133e-01 1.547521908144892100e-01 1.083916072535977687e-01 4.426437222121512582e-01 7.777220077514090946e-01 9.591796102213565600e-01 7.327615225802455168e-01 4.560148673087914828e-01
7.929467257516049639e-01 5.548754659757513252e-01 2.554507635835594481e-01 9.086724336527139956e-01 5.361914195216981316e-01 3.187571827123887314e-01 6.267744866298449180e-01 6.022899542456670030e-01 4.795647223840093787e-01 3.609582304295304578e-01 8.055018716915895993e-01 8.746846060870907547e-01 8.284482640738187742e-01 7.841284275784633495e-01 4.509102904194014494e-01 3.045800911950101164e-01
7.681006835226007468e-01 8.675793443184860454e-01 9.023189830712379234e-01 6.561604553799424977e-01 9.157549476711335235e-01 1.534332324485272563e-02 6.913685724541307476e-01 1.433566085258209388e-01 7.742101228070544794e-01 8.700249111175117900e-01 6.838402470682928280e-01 5.400887859714954553e-01 6.712685998966709811e-01 9.177040514589609455e-01 5.216100795923621636e-01 2.819749667102841029e-01
8.972571982314622163e-01 7.095708122966178921e-01 3.545905578115085000e-01 3.956119541294259578e-01 3.988801596987783804e-01 7.774941047468880706e-01 1.363155605438002849e-01 1.165908020584639215e-01 3.466032902848530939e-01 5.888772926992039691e-01 6.501284274482100889e-01 3.813970978999564609e-01 8.231620965136350332e-01 8.991782884479806448e-01 6.774266508200937897e-01 2.255625814846177746e-01
8.035190996806690356e-01 9.860204439243412944e-01 1.641973322921599920e-02 1.709663454789656922e-01 6.160812287107503282e-01 6.299651562821854123e-01 7.682206206006315652e-01 3.968329467734929561e-01 6.272770054588029387e-01 7.049694099352844523e-01 1.473280965759674044e-01 6.152782435025961894e-01 8.462242853217154526e-01 9.397479312116490124e-01 5.843428594058432957e-01 8.315620164595749486e-01
9.433595959083292959e-01 8.177867000221965554e-01 5.273982305328046571e-01 8.283403951632802853e-01 3.322014058816251669e-01 7.866632146448354623e-02 9.708541050277723627e-01 6.845262803415852471e-01 8.213114518827275834e-01 2.007298128314575492e-01 1.853374256644136353e-01 6.913895662539942810e-02 8.019623531523477622e-01 7.124885118156931707e-01 8.473359067499297570e-01 4.147334616199981894e-01
9.845720336309400356e-01 5.019031029189944260e-01 8.075191171524532807e-01 4.720252952497688836e-02 7.850171962745522425e-01 3.402024678900473220e-01 2.103565645743093182e-01 9.709000264493709009e-01 7.076379061882508426e-01 9.005159388382204533e-01 3.935312336697177060e-01 5.987453468946872803e-01 7.131554143347085262e-01 8.354559534017205191e-01 9.871320391080684598e-01 1.843663492640668644e-01
